100
9 4 37 21 24 42 12 23 48 48 5 13 31 49 7 43 48 28 27 35 26 13 33 22 23 48 21 2 28 25 43 34 7 23 15 5 24 5 17 33 16 38 44 37 25 16 47 12 26 16 2 45 15 7 11 22 26 26 26 41 11 16 23 7 17 6 12 49 13 10 25 12 50 48 4 18 7 23 9 23 32 46 22 3 27 30 19 50 7 6 33 49 28 26 48 8 5 2 41 47 
40 22 26 35 24 42 6 4 35 10 12 2 40 32 7 23 36 29 34 35 16 31 26 20 4 7 9 8 11 42 50 15 37 12 5 45 3 23 50 14 38 2 6 9 10 46 22 45 23 48 5 5 8 5 6 18 48 40 9 30 17 49 11 48 47 40 48 45 8 45 39 48 7 19 27 6 24 23 12 21 41 40 20 4 12 6 8 6 4 41 24 3 40 14 1 37 8 39 21 6 
33 46 11 37 7 5 37 11 23 5 46 3 44 45 32 39 2 28 35 22 32 21 12 30 50 27 5 21 40 48 15 4 44 41 40 24 8 6 7 46 40 46 27 11 2 27 9 44 33 8 34 7 4 5 42 13 30 42 27 2 11 1 32 12 18 28 32 5 13 7 49 37 9 37 5 44 39 4 5 33 50 5 1 29 24 16 39 34 22 11 37 42 48 10 9 19 4 30 21 21 
33 4 10 38 13 8 2 33 2 22 38 48 25 25 29 2 48 3 12 36 36 44 18 25 8 26 34 39 15 44 47 14 15 21 41 41 23 44 50 47 19 29 47 14 19 39 37 39 2 1 26 42 39 1 1 13 39 24 11 5 46 45 32 35 34 14 5 38 40 45 21 49 49 14 46 4 34 35 50 23 40 27 10 3 3 13 27 5 20 24 29 20 22 37 35 15 37 46 5 25 
13 23 40 19 6 13 43 23 39 42 41 13 5 41 25 22 16 1 50 18 39 4 35 23 50 37 19 14 27 3 22 47 41 14 11 17 41 4 18 34 45 13 36 42 19 13 37 17 33 27 17 41 41 5 42 40 42 46 1 37 8 44 43 46 22 9 35 7 46 14 22 43 45 31 15 26 40 49 28 50 42 23 23 27 15 5 33 28 39 46 42 29 9 44 40 34 45 1 42 2 
23 22 21 28 25 14 37 45 38 32 5 8 5 21 17 46 47 21 29 24 42 46 34 49 32 16 35 20 22 15 37 8 23 6 45 16 39 11 20 7 36 27 47 11 23 24 18 26 8 20 34 39 39 27 28 16 37 30 36 27 13 50 26 34 39 21 16 17 35 10 36 15 47 47 16 40 6 39 18 23 35 39 38 8 41 28 49 45 17 10 15 6 30 42 32 8 16 8 27 2 
1 24 32 11 48 7 17 45 45 48 23 38 9 6 44 50 24 30 50 23 29 33 24 42 40 6 16 34 3 37 39 36 17 3 31 7 23 37 6 48 44 27 18 34 26 28 32 18 27 5 3 13 49 10 13 6 1 39 40 31 29 24 49 50 9 9 10 3 1 8 10 37 49 1 34 46 6 22 23 33 45 40 36 35 42 5 42 20 1 23 19 29 14 7 9 40 35 6 20 47 
3 21 22 14 14 16 3 2 9 28 25 39 5 24 39 28 26 48 26 10 7 16 39 14 19 30 40 8 21 16 7 4 17 29 38 8 19 20 18 37 10 27 48 47 18 49 23 11 43 28 12 28 20 30 28 6 28 27 13 24 1 25 22 4 47 46 42 39 43 37 12 9 43 16 31 49 1 46 6 22 11 36 22 29 17 24 22 22 6 39 39 6 15 34 23 42 38 20 49 19 
12 40 36 17 32 27 12 30 4 14 8 48 11 27 23 5 15 45 5 39 43 16 20 15 6 10 50 34 50 45 4 3 9 11 2 14 34 36 8 33 26 50 19 3 14 35 44 28 6 29 29 15 7 43 15 36 24 22 10 17 37 40 38 11 24 14 20 35 6 20 9 17 29 19 24 23 27 15 13 6 38 45 3 46 4 3 43 45 30 41 28 2 48 1 28 18 38 22 4 50 
35 7 13 14 10 32 26 45 11 2 22 46 34 20 41 33 22 38 23 18 32 5 8 41 11 35 48 15 24 36 16 12 5 8 13 49 36 35 20 13 9 17 21 25 13 27 9 21 18 36 20 5 37 18 39 14 40 4 10 41 14 1 41 10 31 44 17 20 2 20 13 30 33 46 14 45 24 40 21 37 31 34 10 5 32 32 43 28 10 1 43 47 16 12 18 21 1 9 43 36 
3 27 13 13 40 15 20 38 41 46 22 7 50 37 21 31 16 40 11 16 6 48 37 33 42 29 19 9 27 39 42 16 50 46 45 8 39 44 4 44 44 25 21 25 13 30 44 2 15 45 9 45 46 34 30 6 9 49 17 34 26 10 1 17 9 6 18 43 46 8 23 38 10 49 21 24 39 19 3 31 40 46 31 30 42 25 43 13 13 47 38 46 46 27 31 40 34 27 17 23 
48 44 1 37 13 18 4 32 22 41 3 31 24 4 36 34 40 43 48 46 19 28 3 10 3 17 8 8 22 44 33 5 49 29 28 43 6 31 49 25 38 23 44 33 49 27 27 12 36 49 43 44 3 49 48 22 5 30 15 24 43 49 26 12 37 40 2 19 23 5 8 23 4 47 7 26 4 12 10 4 46 15 27 9 21 21 6 23 5 18 2 31 47 7 21 45 6 16 50 17 
22 42 23 37 18 48 38 14 2 48 21 26 31 19 23 4 38 50 28 26 13 29 49 9 7 8 26 36 3 29 16 18 20 49 39 20 14 2 22 49 42 12 35 11 35 49 22 38 39 37 19 11 12 35 46 22 24 12 41 27 7 34 44 11 2 22 8 35 11 9 21 17 39 28 3 22 10 38 38 30 19 40 5 5 2 16 7 41 8 14 29 21 8 25 22 10 16 8 43 47 
42 5 15 13 20 35 17 6 43 10 30 23 48 38 3 43 18 26 11 9 15 30 45 49 43 20 12 20 22 26 14 21 29 40 50 24 37 8 48 23 27 21 26 40 10 10 41 9 10 44 17 2 37 46 50 24 18 28 12 48 3 6 47 7 41 10 9 47 33 49 7 42 39 8 41 44 24 36 7 17 25 8 6 12 38 39 42 16 38 46 23 45 32 46 45 45 23 14 32 49 
47 16 48 3 43 17 31 11 4 16 48 15 4 23 21 21 21 17 44 22 37 12 41 8 2 34 10 42 46 36 41 41 10 46 30 40 47 43 36 26 41 28 43 44 48 45 44 41 32 29 50 34 37 17 18 30 10 41 6 12 46 26 5 23 47 46 6 48 19 6 27 32 20 6 6 4 21 45 37 10 24 50 27 13 15 42 31 27 11 4 25 49 26 44 9 33 48 27 39 47 
16 46 25 49 48 14 5 2 9 36 15 1 45 17 46 14 13 14 21 36 2 25 6 6 12 14 5 29 43 43 36 28 3 38 22 4 16 33 46 35 28 42 26 40 26 50 41 12 22 33 29 24 17 37 32 6 24 49 33 38 16 21 27 33 32 43 41 7 22 22 6 35 3 39 23 38 31 6 14 50 40 20 30 47 31 29 22 36 25 14 36 16 40 12 25 19 26 47 11 6 
48 27 7 8 50 25 18 42 45 10 47 14 10 16 16 32 16 20 4 15 45 8 43 34 3 15 29 35 27 32 24 3 12 34 22 13 5 16 16 20 19 39 29 25 33 20 43 18 17 36 10 48 28 25 14 1 41 30 44 3 36 33 47 43 32 22 24 50 37 41 28 29 44 31 47 39 18 30 5 40 41 18 6 26 19 23 17 46 13 23 11 30 26 14 18 48 17 41 47 38 
25 41 28 39 4 47 10 21 38 49 15 31 40 35 5 32 43 13 48 37 5 28 4 49 10 49 25 15 14 43 21 30 46 12 8 44 29 23 42 19 44 46 3 46 2 11 20 38 2 37 50 44 41 11 13 33 20 46 27 26 49 16 32 39 43 46 19 33 13 31 8 16 29 1 27 33 20 29 47 14 11 9 49 19 2 48 17 34 43 46 2 33 1 48 47 39 2 33 16 15 
38 31 21 16 45 9 5 26 28 2 50 30 44 43 14 12 27 14 29 21 25 17 13 29 22 50 20 49 19 44 6 39 22 27 41 30 16 4 28 5 6 16 4 12 23 5 30 19 17 16 27 2 26 5 8 16 33 14 40 41 6 19 33 6 27 1 31 25 18 49 10 19 18 43 6 15 34 10 1 40 33 1 40 37 43 22 35 2 3 46 19 43 32 2 2 13 37 31 24 43 
36 19 18 9 12 26 46 23 49 39 41 26 47 7 31 24 50 12 38 31 43 2 14 39 21 14 35 41 44 11 44 34 36 3 47 47 16 1 34 16 12 27 4 34 3 35 12 4 50 46 30 6 47 5 34 29 25 19 15 3 32 1 23 5 12 46 23 19 4 30 3 9 6 15 28 47 7 15 25 38 44 35 36 39 27 2 13 39 14 6 42 5 1 47 32 47 26 30 14 31 
28 32 38 8 47 25 44 12 50 34 43 12 45 32 30 3 21 29 9 49 13 18 44 15 16 43 36 47 5 37 24 17 43 4 5 28 21 36 11 44 15 12 37 43 33 12 1 22 36 14 30 48 28 3 6 41 31 5 19 43 1 7 19 26 27 14 6 26 19 7 2 50 26 47 18 28 28 4 9 23 23 37 38 10 28 49 50 37 27 46 15 11 5 28 9 32 18 23 39 26 
20 36 48 47 18 6 45 50 37 2 16 8 12 6 5 3 19 22 2 5 17 14 29 3 48 3 12 30 23 45 49 44 11 8 8 2 22 14 31 40 39 14 4 37 18 25 5 4 12 1 39 7 50 15 4 8 32 50 38 4 22 23 20 27 44 37 47 24 5 1 3 30 45 37 10 2 24 35 9 19 16 35 21 23 7 14 5 5 43 33 40 28 20 27 18 36 4 14 3 25 
17 4 18 17 41 34 16 39 13 44 20 6 17 28 3 30 21 14 31 28 27 8 5 19 28 42 44 4 35 14 16 34 29 3 1 7 7 22 14 40 47 14 35 24 20 3 33 31 25 1 47 44 23 18 16 20 28 8 45 39 2 34 40 23 46 24 2 45 45 38 41 2 39 2 49 38 49 40 47 23 46 46 2 15 47 22 45 41 8 6 11 22 9 4 41 41 34 3 10 32 
47 50 4 34 5 44 22 28 2 43 39 14 8 30 15 43 23 8 7 18 24 34 34 40 9 41 3 9 22 39 31 1 31 15 17 39 44 17 42 22 42 12 36 13 8 33 13 17 26 29 23 33 41 36 8 24 34 10 42 43 44 36 22 17 20 8 43 32 8 43 9 31 16 46 13 4 30 48 48 3 24 44 39 10 20 4 44 37 32 36 4 39 40 24 27 1 28 20 44 30 
18 33 17 29 38 1 39 38 28 22 49 5 35 30 46 46 8 5 50 41 11 17 46 22 21 39 14 21 36 9 7 24 22 34 6 43 17 49 13 47 5 9 34 8 42 27 3 39 9 37 5 10 5 46 43 13 21 11 42 34 15 7 29 3 10 10 28 2 40 32 43 39 33 37 20 37 12 11 41 32 10 14 34 29 12 50 4 48 31 6 20 47 33 19 38 11 39 31 9 16 
27 36 29 10 27 9 23 47 28 5 50 31 35 39 42 15 18 19 1 11 9 26 4 24 40 20 46 9 47 13 21 37 34 48 39 7 19 13 11 2 38 2 50 22 15 12 18 32 27 3 39 8 27 49 15 3 2 9 44 34 13 49 29 25 42 16 44 2 29 13 26 45 20 32 47 28 43 27 29 39 12 1 46 29 12 31 40 9 28 36 49 17 19 4 25 20 18 1 27 36 
17 49 4 46 7 4 23 21 9 9 37 1 30 23 2 21 12 35 27 50 48 3 22 10 17 9 23 37 40 9 10 28 50 38 25 3 24 9 37 40 33 1 41 21 26 40 6 48 30 14 25 26 27 7 21 30 29 18 33 26 36 15 35 42 27 5 8 4 11 17 1 11 41 20 9 37 18 1 15 19 12 34 3 29 16 28 20 43 13 11 38 43 8 15 15 41 2 43 15 29 
24 10 25 24 21 32 29 6 7 24 42 12 43 41 40 28 43 28 50 31 5 34 10 32 20 33 50 3 31 46 18 33 50 8 24 9 40 28 46 32 36 32 19 37 19 46 4 27 12 43 30 1 40 38 49 2 27 27 14 28 48 34 45 37 15 32 22 16 49 16 26 11 25 41 21 38 30 18 25 8 45 16 12 17 1 46 33 42 9 50 17 38 35 17 9 20 23 28 30 16 
11 38 12 14 20 7 25 27 31 15 46 18 15 37 16 29 38 46 3 45 35 11 50 22 28 30 21 34 39 43 15 49 34 25 23 48 28 8 5 17 42 43 16 48 14 7 48 27 9 24 24 23 49 8 21 32 49 18 29 39 50 4 36 41 27 42 45 38 14 10 2 29 38 27 1 2 50 5 21 25 34 30 29 43 23 43 9 27 18 13 29 40 49 10 7 10 50 1 23 27 
14 19 9 21 12 31 39 40 24 42 3 38 15 47 47 21 49 50 5 45 16 43 21 3 42 33 49 17 27 20 17 50 10 50 41 20 38 21 5 20 29 6 36 28 26 26 35 15 5 6 34 4 38 31 37 8 16 14 6 29 30 32 28 26 17 40 47 37 10 29 32 38 37 45 17 37 39 46 23 8 21 13 42 40 12 15 34 12 29 29 37 20 41 32 24 7 49 30 25 9 
21 35 19 30 12 3 5 31 21 25 17 31 29 25 44 29 33 14 26 39 11 3 31 22 27 38 43 25 26 14 41 30 9 19 5 34 21 14 15 45 2 50 50 38 6 38 11 20 18 7 19 24 2 14 26 31 9 18 18 32 17 33 13 47 21 40 15 41 46 3 44 49 8 27 31 45 19 19 10 25 37 36 35 44 11 7 42 11 21 42 44 15 35 17 47 27 4 6 29 30 
34 23 1 32 16 37 2 34 8 11 11 19 49 12 32 33 33 39 27 10 33 8 27 26 23 14 47 5 14 31 40 15 36 1 18 36 13 20 12 29 1 31 24 2 33 3 24 11 15 26 38 47 27 23 9 31 33 50 41 4 50 5 39 10 39 14 28 35 34 1 7 36 33 42 30 27 48 18 38 8 4 25 33 7 4 37 31 42 46 25 43 39 42 27 30 46 46 12 49 48 
37 37 50 2 1 47 36 10 10 20 12 12 26 31 50 5 19 33 32 45 7 22 47 5 34 7 33 41 39 3 9 16 38 1 50 41 24 23 16 38 12 34 12 7 24 44 37 23 6 20 4 20 31 46 36 15 15 36 31 21 49 40 19 17 1 49 18 40 26 22 36 17 40 26 36 46 48 24 23 6 25 7 40 19 38 43 28 22 17 27 6 18 2 41 7 34 33 15 1 15 
27 49 50 44 25 40 33 6 15 10 24 14 29 50 34 2 27 14 39 33 45 23 37 31 40 16 47 16 6 2 41 5 1 12 40 33 50 13 40 14 9 12 4 25 29 13 14 31 4 24 35 24 36 33 6 13 39 39 37 48 44 2 40 32 17 20 8 34 6 20 2 49 10 43 41 2 42 16 8 12 35 20 18 3 5 23 36 48 7 35 21 22 22 35 7 15 37 44 23 49 
47 42 10 34 49 8 9 39 36 31 8 40 44 3 32 20 30 42 4 16 1 13 37 47 33 3 20 4 31 33 18 17 42 34 29 6 4 4 32 46 9 46 26 6 12 9 41 50 31 2 35 34 42 46 24 26 32 29 21 33 41 9 33 27 49 28 6 8 27 1 11 20 5 29 47 16 19 43 32 9 43 10 28 33 37 42 18 26 29 20 21 34 10 46 14 8 6 9 13 22 
21 15 41 25 24 22 50 32 40 50 33 40 29 22 12 22 17 29 42 50 16 17 20 10 15 30 41 22 46 37 2 23 38 32 38 49 40 42 38 33 31 39 37 35 16 23 11 44 1 9 43 47 41 31 41 34 32 45 17 24 34 25 26 28 14 29 42 49 27 8 21 33 33 26 29 6 10 31 15 15 35 1 47 45 46 6 18 23 8 4 48 46 45 48 30 34 49 42 6 43 
49 28 25 23 46 18 11 12 20 41 9 1 50 9 17 41 9 45 3 28 43 21 28 34 24 46 22 46 32 24 18 20 12 42 30 2 12 33 22 39 27 43 23 22 34 8 5 3 28 37 34 11 3 31 14 49 8 40 32 16 20 37 43 10 3 35 4 33 45 12 26 40 44 47 7 18 34 36 4 28 44 39 23 29 19 27 10 49 45 46 13 6 31 22 20 5 26 38 48 49 
24 10 22 21 32 45 29 1 33 37 18 1 13 43 48 7 46 4 13 12 49 35 35 47 38 37 21 50 36 28 36 7 33 13 22 12 14 15 21 26 36 42 8 29 13 23 45 14 33 48 45 29 44 47 46 37 35 8 16 17 45 24 17 25 29 7 41 47 45 33 42 19 38 40 24 44 12 26 35 27 42 48 31 18 41 47 9 30 39 21 46 17 40 3 21 12 4 40 10 23 
31 47 7 44 5 20 15 1 22 13 4 29 38 23 14 4 41 17 12 50 46 40 37 4 21 34 41 11 18 44 17 47 28 12 40 48 28 49 32 10 21 41 32 49 28 40 19 22 8 41 14 12 40 16 2 28 38 43 39 34 14 7 37 31 50 25 16 7 12 33 23 27 42 20 38 32 19 6 39 21 1 26 20 26 31 20 33 37 27 7 34 16 13 12 13 3 7 33 18 36 
33 42 22 19 17 41 2 24 30 24 5 24 9 18 20 47 13 43 26 9 35 48 10 42 21 7 47 29 44 21 2 30 37 3 13 2 16 26 34 27 48 1 1 43 6 4 25 23 49 27 9 34 33 20 36 11 31 45 43 25 32 24 11 10 28 28 41 18 11 34 46 12 39 25 27 37 36 34 11 47 10 9 33 37 9 24 5 19 34 42 47 17 43 31 6 2 34 1 21 34 
24 37 47 9 17 27 13 14 23 37 35 48 23 16 34 30 1 23 3 30 34 46 41 37 18 44 30 13 39 17 16 23 43 17 36 20 3 6 50 47 11 1 39 30 16 34 2 46 40 36 45 1 48 6 10 42 47 18 23 32 2 10 46 15 48 7 31 33 49 31 2 31 27 22 34 19 29 4 8 5 10 34 10 15 48 49 11 36 26 50 21 24 11 36 1 18 43 6 13 46 
28 20 47 34 5 39 50 36 32 23 42 16 21 11 39 28 29 15 5 16 8 40 38 10 14 50 24 32 47 48 33 47 12 43 35 34 46 28 28 25 28 15 3 13 27 47 32 42 16 42 30 8 22 47 36 45 17 29 40 9 40 32 3 17 3 25 32 38 4 7 24 8 32 31 36 3 14 29 17 50 39 30 14 3 32 39 2 13 39 43 19 42 4 45 24 23 28 39 26 13 
33 29 37 42 9 20 46 7 44 36 13 38 21 41 45 6 41 23 20 8 41 20 3 42 21 13 2 19 37 7 30 31 5 1 16 25 5 31 41 33 12 9 8 3 31 13 8 26 43 38 17 24 47 5 22 8 22 29 41 13 47 4 5 38 32 10 27 4 29 1 28 14 30 44 6 48 11 14 31 11 30 19 15 44 29 42 42 4 13 2 27 48 5 45 40 47 11 2 48 26 
29 5 33 49 43 18 7 41 38 25 12 6 26 30 13 15 23 40 31 16 5 31 28 34 39 40 14 30 8 8 23 11 35 47 24 29 42 35 15 33 14 41 50 27 27 20 37 13 19 1 12 23 39 6 11 39 42 22 22 48 39 15 3 20 8 50 41 46 48 3 22 31 49 9 34 20 10 44 16 14 32 42 34 32 39 15 28 3 22 24 5 14 28 5 28 36 6 39 24 16 
6 37 1 5 43 48 5 39 5 24 34 7 48 19 48 28 39 10 13 46 48 31 6 47 8 11 24 30 36 21 37 18 28 34 13 16 36 21 7 5 15 36 11 34 20 30 49 30 12 34 26 40 11 8 12 46 4 41 50 48 43 44 40 12 48 21 39 29 8 22 30 25 23 23 35 32 28 2 14 32 15 40 2 6 33 14 39 40 26 39 44 41 8 1 44 24 7 28 28 16 
15 37 4 22 41 36 16 50 42 7 6 35 47 28 49 39 7 4 28 6 38 42 23 31 29 17 30 44 27 44 18 16 43 13 29 31 29 13 30 10 8 33 12 19 2 41 21 16 47 48 17 7 39 1 23 18 17 49 45 6 39 40 16 6 24 23 29 50 6 25 17 33 4 1 38 49 6 38 21 19 44 40 48 13 49 24 33 16 6 17 25 32 4 36 21 39 43 6 19 17 
50 30 46 9 36 35 7 25 22 41 35 24 41 5 14 46 1 27 17 44 3 20 34 7 30 37 25 24 39 3 19 9 6 21 31 29 35 1 31 29 21 42 23 42 19 36 39 4 21 44 32 42 35 37 48 24 17 44 21 12 9 4 41 21 3 9 44 8 41 24 41 24 7 27 28 45 10 34 15 37 40 38 41 20 7 25 41 16 40 1 18 45 20 7 49 26 24 14 24 29 
36 42 48 16 7 8 43 6 7 2 22 24 3 50 31 49 37 15 14 38 3 25 16 16 11 15 11 49 26 18 2 23 25 40 14 28 32 38 20 16 11 22 20 8 2 2 43 41 49 44 38 35 38 45 17 11 42 32 35 40 44 28 30 6 11 4 41 35 33 10 3 47 43 50 18 19 18 35 12 10 1 29 44 12 21 5 38 22 25 27 16 34 19 7 21 28 49 29 49 18 
45 26 27 49 45 26 43 40 50 11 49 31 43 26 40 21 28 23 25 3 49 37 45 1 35 28 7 49 23 13 33 21 17 36 28 43 28 18 12 5 32 12 13 7 45 48 30 7 44 37 40 43 20 26 45 14 28 12 2 20 39 30 22 23 31 18 28 18 31 4 24 18 30 18 15 39 19 37 48 32 26 36 24 14 4 14 40 12 27 42 20 19 2 45 5 31 48 18 16 16 
1 43 31 34 6 36 27 41 30 24 40 18 27 4 17 39 20 43 36 31 21 4 1 23 2 5 33 1 6 14 27 2 41 31 21 3 13 42 43 25 35 41 20 45 26 21 22 25 13 47 42 22 50 4 13 50 37 23 39 18 38 25 24 33 13 23 31 32 47 1 40 13 33 2 21 36 41 23 38 17 13 38 2 15 43 29 27 6 41 11 26 23 47 46 33 17 18 24 23 41 
24 26 5 4 1 44 3 41 28 37 19 36 42 43 42 20 24 7 24 25 10 36 4 21 44 5 1 17 39 22 17 43 40 29 45 48 34 1 19 5 15 49 45 26 25 3 11 17 42 2 39 11 3 35 17 50 26 19 36 34 32 29 39 16 35 1 50 39 22 22 6 5 29 19 30 34 22 6 14 33 23 49 15 48 38 20 1 11 44 47 2 8 22 49 5 3 31 4 3 46 
41 40 24 29 42 33 39 46 22 8 4 3 2 38 49 3 14 50 3 5 38 29 23 18 45 27 45 15 16 14 30 4 2 29 31 37 49 24 15 4 33 41 21 47 15 47 24 11 11 36 8 27 17 35 50 21 32 18 25 5 45 18 25 36 6 11 47 40 40 18 23 43 26 21 36 28 17 16 37 34 38 18 31 2 49 40 8 4 49 40 37 28 28 23 10 24 19 9 31 49 
4 17 41 48 6 29 46 31 23 4 12 15 8 8 25 17 16 47 4 4 28 19 19 48 46 2 12 39 3 35 32 20 44 12 19 43 9 1 26 19 3 26 44 44 43 5 47 42 47 12 18 5 33 39 13 13 4 4 10 10 19 48 33 46 16 44 29 46 31 6 6 2 34 35 16 27 40 1 2 3 20 16 2 23 11 7 20 28 7 13 45 36 26 46 50 8 42 13 1 47 
43 3 40 24 44 23 10 16 20 49 30 46 25 11 39 18 29 34 24 9 49 50 32 5 31 13 26 34 13 36 38 41 6 20 41 50 5 12 36 29 37 12 25 3 42 11 37 29 19 49 35 37 34 21 48 3 29 50 36 25 4 11 28 3 27 41 22 34 26 12 46 4 15 1 49 47 29 43 15 39 12 39 38 28 15 22 33 6 12 16 14 34 13 39 13 4 40 18 6 27 
21 8 31 37 41 13 23 25 8 26 15 40 26 48 35 17 2 8 5 7 50 41 15 38 24 12 8 13 10 25 7 1 3 14 40 24 49 47 3 45 29 24 1 31 49 47 14 34 17 36 1 49 5 2 16 12 37 45 13 10 50 40 33 19 28 17 38 22 41 7 49 35 37 3 19 31 34 12 12 29 43 13 26 11 11 49 24 45 32 4 49 8 17 50 5 17 22 20 50 46 
5 27 36 32 16 19 7 14 1 30 12 36 18 36 28 5 38 30 15 34 10 39 20 45 6 2 1 19 18 9 9 17 4 45 8 22 21 3 1 28 40 33 36 14 23 31 15 37 29 2 29 17 8 17 14 47 13 43 37 43 46 47 32 14 32 11 5 17 38 47 4 16 28 18 45 15 7 11 26 49 32 20 9 27 34 4 36 42 36 43 32 4 1 39 19 36 14 29 15 49 
34 18 11 33 36 20 33 2 42 23 36 16 50 9 14 20 37 48 38 28 14 50 34 43 31 7 47 16 44 40 41 17 46 35 23 45 31 39 2 39 36 19 48 43 25 7 9 2 19 28 14 42 44 37 43 48 20 20 12 21 12 14 35 27 39 21 33 32 5 41 46 23 47 24 1 31 27 14 36 17 18 33 22 17 26 18 25 3 34 41 20 5 23 41 33 1 35 49 20 18 
15 26 13 42 2 41 47 21 35 37 40 30 47 42 43 31 12 10 23 38 49 44 2 22 13 16 4 44 38 44 25 14 31 27 2 33 23 9 31 23 36 48 7 47 41 20 37 27 11 50 40 12 7 17 26 18 17 42 10 5 26 40 25 45 21 41 39 1 15 46 19 18 45 28 13 43 40 3 4 49 18 30 40 22 35 9 33 4 30 29 15 19 21 30 17 50 1 18 18 29 
28 23 9 26 35 12 45 45 2 19 15 37 45 19 29 18 18 23 49 20 24 47 45 16 4 48 9 16 13 50 37 12 37 10 17 10 49 1 19 7 34 49 45 40 19 17 16 10 11 1 16 5 45 19 28 13 22 46 18 21 27 28 15 4 1 40 13 28 19 39 2 41 7 16 29 2 32 26 18 38 7 31 19 9 31 44 15 41 42 16 7 21 8 42 50 45 18 40 18 27 
48 36 28 29 31 18 25 45 19 17 13 21 40 48 11 43 22 45 39 19 45 37 38 8 11 31 41 6 28 2 17 47 40 33 19 49 28 24 37 4 13 21 22 29 50 22 40 21 2 37 5 31 1 21 18 20 45 24 26 2 48 3 37 17 33 25 37 48 47 45 41 12 26 39 20 8 45 18 14 47 5 15 16 26 40 50 41 17 17 10 34 22 28 19 3 44 36 45 34 48 
7 19 50 39 3 2 26 11 27 48 34 3 1 29 20 38 36 5 16 14 30 27 8 36 12 35 10 21 31 24 17 33 3 8 32 23 27 42 13 2 36 39 37 30 26 41 43 39 26 24 14 19 46 49 33 45 48 29 27 34 43 43 25 48 46 48 7 23 42 41 29 4 29 28 7 23 7 44 48 17 27 21 28 12 41 31 21 49 3 44 50 21 22 20 18 49 15 18 28 18 
42 38 22 12 36 21 44 5 47 17 1 44 21 36 34 14 38 35 24 36 39 39 1 46 44 44 9 13 40 20 37 12 22 36 13 15 14 42 45 15 9 2 48 6 11 33 47 23 10 33 29 41 47 50 25 11 41 3 29 25 49 38 45 10 30 35 40 32 26 4 8 50 21 47 25 41 36 23 21 22 43 39 24 4 24 23 35 43 39 44 10 43 26 37 14 32 29 25 12 31 
32 1 17 10 17 12 24 43 7 40 48 41 20 43 29 21 17 26 39 49 44 44 21 39 9 7 17 16 9 4 34 46 21 38 35 50 17 6 22 5 14 27 34 9 46 9 25 8 2 1 23 13 36 10 12 17 34 24 1 2 21 25 43 9 12 15 38 30 37 14 21 35 2 13 47 11 46 41 19 3 13 13 27 40 7 1 10 23 25 16 49 34 17 30 23 9 22 10 29 29 
1 40 23 48 24 34 31 7 12 35 36 5 49 28 8 3 14 18 18 25 16 12 16 2 27 11 43 22 13 30 47 23 11 14 26 14 46 9 8 23 9 42 36 16 31 48 20 17 9 14 24 47 15 14 2 45 31 42 50 18 11 18 8 19 8 2 12 19 14 45 21 11 3 50 7 37 30 6 36 1 2 37 50 30 10 10 25 2 25 22 12 41 15 22 6 21 42 3 1 45 
7 18 41 46 39 12 41 29 14 45 40 49 44 43 48 3 35 14 25 13 50 37 44 30 48 41 28 3 40 24 36 45 48 45 47 49 17 26 15 17 5 2 46 29 6 33 37 28 9 11 12 38 20 27 33 29 48 17 34 34 18 2 40 47 21 9 5 30 17 23 32 2 15 8 8 5 13 37 10 38 40 25 18 24 50 43 44 45 27 8 41 12 20 20 40 9 46 8 15 29 
35 1 45 23 39 10 47 22 35 30 50 47 24 11 8 26 2 24 4 11 42 22 35 33 41 6 28 3 41 49 3 43 31 4 42 1 11 18 6 36 15 45 28 29 15 48 23 7 3 5 48 26 15 34 13 29 37 2 17 8 7 30 35 9 33 9 45 22 30 1 10 47 16 31 49 22 2 45 6 29 13 50 2 24 45 11 16 46 16 49 25 27 45 30 13 17 37 15 16 40 
5 23 26 20 4 41 39 19 6 5 31 38 9 35 12 36 42 25 5 39 15 37 11 18 23 29 36 37 38 16 32 7 14 21 19 9 16 8 3 36 20 47 16 18 30 15 9 50 21 41 4 22 5 47 2 9 24 39 1 8 4 38 1 20 47 15 31 15 32 1 12 16 14 20 43 35 10 38 6 1 37 10 14 9 31 23 37 13 40 3 2 50 6 11 45 16 18 47 24 39 
36 34 38 4 7 33 28 4 3 33 9 36 41 38 29 40 7 42 44 25 21 49 23 40 24 13 35 28 9 43 32 12 25 5 18 49 41 10 24 17 50 31 29 50 1 11 40 1 40 19 4 44 39 9 18 48 3 35 34 18 15 48 14 13 29 34 5 10 22 2 42 32 25 31 24 5 2 6 1 7 28 6 26 2 6 45 15 26 9 15 43 21 39 34 26 38 48 25 34 3 
42 5 7 20 5 26 42 39 13 2 18 23 9 25 5 15 14 40 41 19 30 6 35 9 8 27 42 6 33 44 33 29 31 1 43 6 13 29 41 49 23 15 32 43 1 36 39 49 45 25 14 23 22 19 47 40 33 44 12 4 14 44 20 34 20 39 37 3 8 33 19 18 4 12 6 24 4 49 15 48 38 39 16 21 49 10 11 13 32 48 1 3 45 30 4 19 42 39 39 10 
5 16 9 18 19 4 12 16 36 34 8 38 19 27 17 19 14 5 40 15 27 16 35 29 21 20 47 18 8 30 13 26 8 31 41 1 10 15 22 31 2 10 25 16 46 11 6 22 2 46 30 9 32 16 25 14 17 12 9 6 47 22 16 31 8 32 9 11 14 40 9 3 33 20 28 7 42 2 6 18 41 39 24 9 42 43 3 2 8 34 48 50 17 34 15 3 43 29 30 26 
3 34 26 39 34 7 8 18 31 22 14 36 23 35 7 1 27 9 5 18 42 36 37 31 42 23 14 31 35 35 38 24 46 24 35 1 45 35 17 48 36 3 43 38 46 4 20 7 42 11 46 13 19 27 27 43 31 35 33 10 17 41 19 13 5 25 37 12 11 46 16 38 26 16 17 22 40 40 13 35 24 17 17 43 38 32 13 6 14 35 4 22 36 17 42 1 50 40 14 21 
39 2 29 25 29 19 36 28 32 24 8 7 19 20 29 5 36 4 32 20 35 14 37 17 15 33 7 3 29 16 33 27 6 39 1 8 41 28 48 23 26 12 31 10 26 13 45 43 24 49 37 23 50 35 35 5 36 36 31 45 6 4 47 19 1 26 21 7 26 40 24 2 4 3 20 2 22 18 10 24 39 4 12 29 31 39 9 4 12 28 2 23 17 40 49 30 43 14 27 35 
11 45 4 15 29 46 32 44 40 11 9 12 28 25 12 39 20 32 15 30 4 43 22 15 50 6 3 11 15 34 6 17 44 10 43 14 41 10 13 49 17 35 25 49 44 18 45 20 36 31 41 11 31 19 49 44 17 4 16 43 21 2 18 49 29 39 1 45 10 16 38 1 13 43 3 30 23 16 20 18 21 18 4 44 39 19 49 13 5 42 20 12 32 1 35 50 22 29 12 1 
43 45 23 40 27 32 31 26 28 43 37 21 25 2 25 20 50 43 13 40 50 46 6 29 2 21 36 33 36 26 33 48 13 36 10 26 45 50 39 13 29 28 12 6 49 10 27 49 9 4 44 6 28 18 15 14 23 9 36 26 11 12 8 2 26 3 37 50 38 38 43 21 10 22 10 42 18 35 23 40 16 1 29 36 44 43 20 6 43 3 2 23 24 6 20 26 40 46 41 9 
19 41 21 37 3 44 45 4 25 17 5 27 43 12 28 41 20 33 30 34 40 34 47 28 31 12 43 21 41 39 14 26 32 26 32 16 3 39 24 37 28 12 41 12 45 37 43 29 46 15 5 50 9 36 48 25 44 13 12 8 13 7 15 25 24 30 13 2 35 25 22 47 17 11 24 36 41 4 17 50 18 45 33 17 36 30 48 19 21 11 30 45 16 30 2 33 32 45 17 7 
10 2 41 35 22 39 39 28 23 15 30 25 33 24 17 16 22 17 43 13 42 24 28 43 6 31 43 21 21 9 16 8 30 32 15 33 33 19 22 37 26 39 37 21 26 34 40 1 26 45 7 14 23 27 19 30 11 42 4 7 6 11 17 24 47 45 15 10 26 14 8 40 19 44 38 31 26 23 12 41 40 20 24 11 19 47 19 46 5 42 13 45 9 18 33 24 19 30 19 33 
41 27 29 28 48 22 21 10 31 46 47 23 23 39 47 13 15 9 30 28 31 41 26 11 15 41 10 50 23 48 24 25 17 23 43 33 42 1 18 37 9 39 37 11 31 23 38 48 35 33 29 27 49 10 31 32 24 42 38 8 16 23 20 18 13 25 31 47 44 2 22 28 33 42 9 48 49 19 47 34 50 30 34 49 37 29 5 45 15 3 2 5 38 32 45 47 30 4 40 43 
44 34 30 21 38 44 20 27 49 17 34 49 15 20 39 41 43 28 41 43 19 43 8 7 42 37 39 19 26 16 45 21 19 48 11 29 29 27 25 10 13 24 7 47 15 26 23 9 49 14 4 25 48 23 45 16 9 15 12 47 13 24 13 49 5 20 12 34 24 20 43 22 41 7 45 13 46 8 32 33 25 25 20 29 31 25 3 19 13 8 29 9 24 40 41 47 21 12 37 3 
33 10 6 27 6 44 48 9 50 11 49 41 14 20 6 26 35 48 13 11 17 20 24 38 49 32 28 26 49 13 32 42 17 12 20 16 16 7 24 19 23 8 26 43 7 2 1 47 19 37 16 49 47 13 26 36 25 18 14 33 8 2 15 11 41 9 20 25 50 9 12 6 50 18 47 3 25 30 1 30 32 28 18 10 24 18 25 14 25 36 50 42 19 8 32 15 34 5 5 7 
1 29 8 24 50 30 33 1 4 43 48 31 1 3 43 28 38 2 22 30 10 8 14 12 32 10 15 22 17 23 47 10 36 14 43 8 33 6 2 22 36 39 49 44 29 6 11 17 40 14 31 41 40 10 50 8 17 3 13 34 44 30 19 9 23 35 43 8 5 17 40 36 1 13 33 13 14 9 46 41 43 18 6 41 45 26 7 9 39 33 38 45 25 32 10 46 32 39 45 17 
5 13 34 44 18 12 14 11 28 39 46 20 37 48 6 7 4 48 36 40 18 6 24 32 37 23 44 37 45 18 32 11 43 40 28 1 16 6 9 44 6 1 50 35 45 6 32 35 6 2 10 35 23 39 23 13 29 9 1 49 33 20 25 14 48 4 24 13 29 34 19 17 42 31 17 18 44 48 48 4 1 44 23 40 47 4 15 9 36 12 15 17 13 11 19 38 23 19 11 4 
13 16 21 42 21 32 21 1 5 5 2 18 30 24 5 35 1 40 22 10 31 41 39 33 26 49 32 5 28 44 4 47 1 22 36 33 29 31 16 36 3 27 1 45 37 29 18 47 38 3 15 22 37 42 22 32 4 46 41 34 9 38 2 15 9 36 27 1 6 34 35 12 1 14 4 9 14 38 41 12 32 22 24 12 7 6 23 7 33 20 49 38 27 23 22 49 39 34 37 36 
17 42 39 41 14 16 47 4 15 20 5 28 19 32 18 39 8 50 14 33 4 1 9 11 9 2 47 39 46 1 1 1 27 46 38 40 33 22 20 50 35 30 36 22 26 42 23 23 34 46 30 47 18 37 30 19 35 39 24 47 23 3 43 3 45 19 21 25 43 4 16 20 19 32 4 41 24 42 22 45 22 4 14 42 19 19 9 45 32 9 35 45 15 22 10 20 11 38 36 17 
17 28 42 24 2 9 28 38 24 47 23 48 6 41 30 49 30 39 19 19 26 25 28 49 30 31 40 35 9 11 41 31 41 12 28 11 12 29 1 24 24 30 43 34 12 19 5 3 50 2 22 35 26 20 2 45 1 14 18 36 29 23 19 31 1 8 2 28 2 49 11 8 29 42 36 12 4 3 7 5 24 1 26 34 50 50 29 19 35 8 25 15 36 32 41 39 23 14 22 12 
4 3 44 9 26 2 50 9 11 27 22 8 11 9 26 41 12 39 47 43 3 24 38 31 12 36 24 21 26 43 44 1 6 36 46 14 46 43 11 16 34 24 33 21 27 13 45 12 50 31 24 20 7 49 47 31 30 41 39 46 39 40 50 37 21 8 12 48 48 3 27 44 30 48 34 33 34 46 8 8 23 5 30 8 28 11 16 20 26 47 27 13 21 4 29 47 34 39 13 37 
39 12 33 7 38 17 35 28 4 20 41 19 23 40 45 2 22 6 35 16 41 21 11 27 34 20 36 31 40 32 28 8 14 13 40 2 34 32 6 27 21 7 37 20 18 12 41 8 42 11 5 32 8 1 1 17 20 5 28 48 41 26 6 13 24 31 4 39 31 40 8 32 29 20 5 19 36 29 44 35 32 49 29 7 2 6 2 20 16 41 10 15 38 1 1 15 18 21 12 13 
38 35 23 49 45 36 21 5 9 23 41 8 38 21 40 13 31 3 41 9 41 6 24 48 21 1 46 31 41 32 17 21 40 41 11 1 18 14 17 36 5 47 30 7 4 36 1 21 18 6 31 35 3 46 40 23 30 41 31 20 40 40 19 7 28 30 33 25 4 10 17 2 48 16 7 44 13 24 20 31 23 45 23 38 50 40 26 9 2 28 3 48 36 9 36 15 48 40 24 37 
12 15 17 44 31 17 49 21 12 14 35 43 34 11 17 21 16 5 11 9 39 22 26 43 24 30 28 34 33 34 27 31 30 26 43 12 14 16 34 13 48 32 36 18 25 26 2 43 22 26 31 17 13 32 32 39 16 8 11 49 35 23 41 3 46 8 7 22 15 17 19 6 46 34 46 43 1 18 44 8 16 46 28 38 7 24 41 25 36 16 27 11 6 2 49 17 3 50 40 21 
8 23 24 15 21 10 38 46 24 8 28 41 21 27 6 12 28 23 7 10 31 40 45 1 26 10 31 41 12 37 26 36 36 16 25 12 23 18 6 15 33 33 36 44 42 33 2 32 24 7 38 24 7 8 41 41 50 5 23 35 24 31 3 21 36 37 26 48 35 41 37 17 45 38 35 49 8 22 40 32 41 43 50 26 1 39 8 25 37 22 14 38 5 5 28 38 7 17 5 45 
40 21 17 21 12 48 10 21 32 29 48 44 19 9 30 6 7 14 1 40 35 12 18 19 10 9 42 15 37 19 24 44 7 29 18 4 7 30 47 43 44 24 13 24 8 37 19 3 16 33 5 38 32 3 50 11 12 23 8 33 23 24 8 35 47 46 39 2 26 13 29 13 28 20 48 4 15 39 24 49 12 23 9 34 20 27 25 49 8 24 22 42 7 7 10 41 3 28 44 2 
43 15 22 8 29 46 7 47 1 33 30 32 48 22 19 32 34 13 43 28 11 40 25 32 23 43 33 45 1 28 6 3 48 40 12 26 31 49 2 40 47 14 44 24 17 1 25 28 46 41 30 6 33 36 43 37 50 12 44 6 31 8 8 6 38 9 30 4 47 15 25 47 3 27 8 4 15 2 26 28 11 8 49 23 50 44 42 20 46 21 44 9 14 8 38 13 31 15 47 50 
47 43 36 34 22 30 46 28 42 46 20 34 5 36 38 9 32 8 16 8 50 38 47 21 32 3 43 25 18 27 12 21 20 22 18 18 4 37 19 1 31 17 45 6 11 7 18 35 40 7 48 43 18 9 47 33 8 2 20 13 21 45 25 19 7 44 11 25 35 3 14 26 20 24 48 36 11 40 48 36 38 23 28 22 18 31 21 14 41 30 20 34 36 4 48 11 38 4 41 29 
47 6 18 26 31 17 25 48 39 46 25 9 10 21 23 48 29 46 25 17 40 24 5 42 16 34 11 32 14 5 40 41 9 20 23 1 3 43 37 26 40 22 6 36 34 33 19 10 46 40 39 39 20 45 26 17 19 42 35 15 39 18 6 13 4 13 30 29 9 49 15 45 1 1 2 38 22 5 33 28 2 14 24 21 23 21 48 40 25 32 25 39 7 33 9 12 31 49 50 39 
45 35 46 19 23 8 19 14 1 9 16 21 30 4 10 19 35 14 1 48 27 43 26 6 2 39 1 21 12 2 3 43 18 13 1 4 47 27 43 24 47 21 36 19 20 5 36 4 13 11 15 22 16 44 27 48 17 47 40 47 20 19 10 7 45 39 45 4 21 41 32 8 31 48 45 34 16 32 30 9 9 30 34 7 27 24 1 43 49 34 18 40 11 10 2 21 28 43 14 50 
48 15 17 18 24 34 26 35 24 21 21 27 37 23 11 4 1 41 15 28 32 27 34 2 21 50 22 19 1 23 41 26 6 19 4 45 11 49 16 39 45 8 28 31 39 46 1 31 30 37 39 50 42 9 11 44 8 3 37 5 42 12 39 28 7 40 42 17 5 46 16 28 46 47 37 9 3 43 25 9 1 4 5 20 14 34 38 25 40 41 4 26 26 21 14 32 28 36 4 14 
18 38 32 34 14 13 50 13 12 23 5 9 17 4 34 47 30 47 22 32 49 8 45 48 28 19 11 25 1 41 6 17 6 38 18 23 34 5 5 46 19 28 48 14 38 41 45 15 9 33 18 16 49 47 25 6 22 9 23 44 46 36 7 22 25 39 27 39 24 47 48 27 29 36 31 27 17 46 31 36 36 3 42 1 12 8 9 7 27 32 40 36 34 11 41 41 39 13 18 27 
14 11 39 21 45 41 43 31 19 22 7 24 19 38 41 5 23 15 50 31 40 17 25 43 4 43 29 17 22 26 5 42 11 4 9 44 22 37 45 6 36 25 28 3 16 40 6 27 17 38 31 29 33 13 46 9 49 43 3 7 31 13 19 34 9 32 44 30 6 31 4 46 38 5 20 17 47 18 24 28 22 42 29 21 3 13 39 22 18 25 24 46 46 26 50 5 32 35 1 40 
24 11 26 50 3 45 5 47 9 18 41 9 21 40 17 47 34 12 36 3 7 50 49 24 45 7 15 26 10 24 35 45 23 6 15 18 12 6 8 44 14 22 1 2 25 20 10 5 11 37 39 1 34 7 14 33 1 41 22 42 3 1 50 33 28 23 41 1 38 6 5 44 4 3 47 21 37 49 39 14 15 7 17 18 34 29 20 46 24 31 38 38 3 50 39 14 6 46 45 43 
41 26 30 24 25 40 44 30 12 49 32 13 10 44 35 21 41 9 20 14 46 19 26 14 20 36 46 38 32 10 38 1 28 41 29 34 16 3 17 4 23 15 34 4 3 24 47 5 42 6 39 36 8 24 1 29 6 7 17 16 15 31 36 13 15 9 18 44 4 30 43 25 34 27 10 25 44 33 23 15 10 10 50 38 2 3 35 16 37 45 41 29 3 26 10 45 14 10 17 21 
8 18 20 26 22 9 1 3 7 25 11 29 47 10 35 33 29 14 22 45 3 31 21 17 21 43 7 42 33 13 1 33 1 40 37 11 45 46 12 23 27 14 4 38 42 44 15 41 12 23 17 20 5 39 38 16 50 14 26 46 32 16 17 39 34 6 17 6 1 14 48 6 41 46 33 28 21 42 8 32 41 1 30 5 46 34 22 47 16 35 12 29 30 29 39 25 31 50 2 36 
