3 4 2 
4 6 
10 10 
0 9 9 1 16 20 20 16 9 1 16 16 20 20 9 
9 0 16 9 9 16 20 20 16 9 20 9 16 20 1 
9 16 0 9 20 20 16 9 1 9 9 20 20 16 16 
1 9 9 0 16 20 20 16 9 1 16 16 20 20 9 
16 9 20 16 0 9 16 20 20 16 20 1 9 16 9 
20 16 20 20 9 0 9 16 20 20 16 9 1 9 16 
20 20 16 20 16 9 0 9 16 20 9 16 9 1 20 
16 20 9 16 20 16 9 0 9 16 1 20 16 9 20 
9 16 1 9 20 20 16 9 0 9 9 20 20 16 16 
1 9 9 1 16 20 20 16 9 0 16 16 20 20 9 
16 20 9 16 20 16 9 1 9 16 0 20 16 9 20 
16 9 20 16 1 9 16 20 20 16 20 0 9 16 9 
20 16 20 20 9 1 9 16 20 20 16 9 0 9 16 
20 20 16 20 16 9 1 9 16 20 9 16 9 0 20 
9 1 16 9 9 16 20 20 16 9 20 9 16 20 0 
