4 4 3 
6 7 4 5 
9 40 24 
0 20 18 22 7 17 14 15 16 16 20 13 18 15 9 20 8 
20 0 10 3 13 7 10 5 7 8 2 7 5 10 11 3 13 
18 10 0 9 14 15 3 9 15 2 8 8 14 2 13 7 15 
22 3 9 0 16 10 10 7 11 8 1 9 9 10 14 2 15 
7 13 14 16 0 10 11 8 9 12 14 7 11 12 2 14 1 
17 7 15 10 10 0 13 5 1 12 9 8 1 14 8 9 8 
14 10 3 10 11 13 0 7 13 2 9 5 13 1 10 8 11 
15 5 9 7 8 5 7 0 5 7 6 2 5 8 6 6 8 
16 7 15 11 9 1 13 5 0 12 9 7 2 14 7 10 7 
16 8 2 8 12 12 2 7 12 0 7 5 12 2 11 6 12 
20 2 8 1 14 9 9 6 9 7 0 7 8 9 12 1 14 
13 7 8 9 7 8 5 2 7 5 7 0 8 6 6 7 7 
18 5 14 9 11 1 13 5 2 12 8 8 0 14 9 8 9 
15 10 2 10 12 14 1 8 14 2 9 6 14 0 11 8 13 
9 11 13 14 2 8 10 6 7 11 12 6 9 11 0 12 1 
20 3 7 2 14 9 8 6 10 6 1 7 8 8 12 0 14 
8 13 15 15 1 8 11 8 7 12 14 7 9 13 1 14 0 
